# BRON: KONINKLIJK NEDERLANDS METEOROLOGISCH INSTITUUT (KNMI)
# Opmerking: door stationsverplaatsingen en veranderingen in waarneemmethodieken zijn deze tijdreeksen van dagwaarden mogelijk inhomogeen! Dat betekent dat deze reeks van gemeten waarden niet geschikt is voor trendanalyse. Voor studies naar klimaatverandering verwijzen we naar de gehomogeniseerde reeks maandtemperaturen van De Bilt <http://www.knmi.nl/kennis-en-datacentrum/achtergrond/gehomogeniseerde-reeks-maandtemperaturen-de-bilt> of de Centraal Nederland Temperatuur <http://www.knmi.nl/kennis-en-datacentrum/achtergrond/centraal-nederland-temperatuur-cnt>.
# 
# 
# STN      LON(east)   LAT(north)     ALT(m)  NAME
# 275:         5.873       52.056      48.20  DEELEN
# 
# YYYYMMDD = Datum (YYYY=jaar MM=maand DD=dag); 
# TG       = Etmaalgemiddelde temperatuur (in 0.1 graden Celsius); 
# 
# STN,YYYYMMDD,   TG
# 
  275,20191201,   -1
  275,20191202,   28
  275,20191203,   42
  275,20191204,    7
  275,20191205,   11
  275,20191206,   57
  275,20191207,   85
  275,20191208,   88
  275,20191209,   57
  275,20191210,   38
  275,20191211,   57
  275,20191212,   43
  275,20191213,   40
  275,20191214,   52
  275,20191215,   69
  275,20191216,   70
  275,20191217,  104
  275,20191218,   64
  275,20191219,  102
  275,20191220,   98
  275,20191221,   73
  275,20191222,   72
  275,20191223,   70
  275,20191224,   74
  275,20191225,   70
  275,20191226,   53
  275,20191227,   29
  275,20191228,    0
  275,20191229,    9
  275,20191230,   42
  275,20191231,   31
  275,20200101,   -3
  275,20200102,   25
  275,20200103,   68
  275,20200104,   56
  275,20200105,   62
  275,20200106,   53
  275,20200107,   66
  275,20200108,   99
  275,20200109,  112
  275,20200110,   51
  275,20200111,   47
  275,20200112,   64
  275,20200113,   76
  275,20200114,  100
  275,20200115,   92
  275,20200116,   69
  275,20200117,   79
  275,20200118,   31
  275,20200119,   18
  275,20200120,   21
  275,20200121,   -1
  275,20200122,   29
  275,20200123,   32
  275,20200124,   14
  275,20200125,   10
  275,20200126,   48
  275,20200127,   78
  275,20200128,   46
  275,20200129,   45
  275,20200130,   80
  275,20200131,  107
  275,20200201,  100
  275,20200202,   85
  275,20200203,   87
  275,20200204,   35
  275,20200205,   25
  275,20200206,   42
  275,20200207,   39
  275,20200208,   68
  275,20200209,   98
  275,20200210,   74
  275,20200211,   54
  275,20200212,   44
  275,20200213,   50
  275,20200214,   64
  275,20200215,  100
  275,20200216,  122
  275,20200217,   75
  275,20200218,   69
  275,20200219,   52
  275,20200220,   74
  275,20200221,   63
  275,20200222,   84
  275,20200223,   79
  275,20200224,   67
  275,20200225,   58
  275,20200226,   23
  275,20200227,   20
  275,20200228,   33
  275,20200229,   84
  275,20200301,   63
  275,20200302,   52
  275,20200303,   41
  275,20200304,   55
  275,20200305,   53
  275,20200306,   53
  275,20200307,   60
  275,20200308,   81
  275,20200309,   74
  275,20200310,   99
  275,20200311,  107
  275,20200312,   79
  275,20200313,   55
  275,20200314,   65
  275,20200315,   93
  275,20200316,   81
  275,20200317,   80
  275,20200318,  106
  275,20200319,   87
  275,20200320,   62
  275,20200321,   41
  275,20200322,   42
  275,20200323,   42
  275,20200324,   48
  275,20200325,   59
  275,20200326,   57
  275,20200327,   84
  275,20200328,   73
  275,20200329,   34
  275,20200330,   27
  275,20200331,   33
  275,20200401,   33
  275,20200402,   60
  275,20200403,   50
  275,20200404,   71
  275,20200405,  129
  275,20200406,  154
  275,20200407,  126
  275,20200408,  165
  275,20200409,  137
  275,20200410,  106
  275,20200411,  118
  275,20200412,  138
  275,20200413,   75
  275,20200414,   58
  275,20200415,   82
  275,20200416,  137
  275,20200417,  107
  275,20200418,  112
  275,20200419,  122
  275,20200420,  121
  275,20200421,  136
  275,20200422,  148
  275,20200423,  152
  275,20200424,  118
  275,20200425,  102
  275,20200426,   91
  275,20200427,  128
  275,20200428,  104
  275,20200429,  120
  275,20200430,  114
  275,20200501,   97
  275,20200502,   93
  275,20200503,  103
  275,20200504,  108
  275,20200505,   90
  275,20200506,  110
  275,20200507,  118
  275,20200508,  142
  275,20200509,  175
  275,20200510,  140
  275,20200511,   77
  275,20200512,   70
  275,20200513,   70
  275,20200514,   72
  275,20200515,   82
  275,20200516,   99
  275,20200517,  111
  275,20200518,  147
  275,20200519,  164
  275,20200520,  157
  275,20200521,  193
  275,20200522,  193
  275,20200523,  154
  275,20200524,  127
  275,20200525,  147
  275,20200526,  152
  275,20200527,  155
  275,20200528,  142
  275,20200529,  153
  275,20200530,  177
  275,20200531,  163
  275,20200601,  186
  275,20200602,  217
  275,20200603,  179
  275,20200604,  125
  275,20200605,   90
  275,20200606,  118
  275,20200607,  123
  275,20200608,  137
  275,20200609,  133
  275,20200610,  142
  275,20200611,  159
  275,20200612,  206
  275,20200613,  209
  275,20200614,  184
  275,20200615,  192
  275,20200616,  185
  275,20200617,  194
  275,20200618,  183
  275,20200619,  180
  275,20200620,  165
  275,20200621,  193
  275,20200622,  180
  275,20200623,  204
  275,20200624,  231
  275,20200625,  241
  275,20200626,  246
  275,20200627,  212
  275,20200628,  176
  275,20200629,  164
  275,20200630,  159
  275,20200701,  175
  275,20200702,  165
  275,20200703,  173
  275,20200704,  166
  275,20200705,  178
  275,20200706,  137
  275,20200707,  139
  275,20200708,  145
  275,20200709,  166
  275,20200710,  141
  275,20200711,  133
  275,20200712,  145
  275,20200713,  174
  275,20200714,  148
  275,20200715,  157
  275,20200716,  158
  275,20200717,  174
  275,20200718,  202
  275,20200719,  186
  275,20200720,  160
  275,20200721,  143
  275,20200722,  139
  275,20200723,  182
  275,20200724,  177
  275,20200725,  183
  275,20200726,  180
  275,20200727,  182
  275,20200728,  176
  275,20200729,  157
  275,20200730,  184
  275,20200731,  251
  275,20200801,  211
  275,20200802,  167
  275,20200803,  153
  275,20200804,  162
  275,20200805,  207
  275,20200806,  235
  275,20200807,  260
  275,20200808,  273
  275,20200809,  270
  275,20200810,  264
  275,20200811,  272
  275,20200812,  276
  275,20200813,  250
  275,20200814,  233
  275,20200815,  220
  275,20200816,  230
  275,20200817,  194
  275,20200818,  189
  275,20200819,  216
  275,20200820,  242
  275,20200821,  240
  275,20200822,  187
  275,20200823,  174
  275,20200824,  161
  275,20200825,  163
  275,20200826,  154
  275,20200827,  154
  275,20200828,  158
  275,20200829,  142
  275,20200830,  147
  275,20200831,  145
  275,20200901,  144
  275,20200902,  143
  275,20200903,  155
  275,20200904,  172
  275,20200905,  148
  275,20200906,  135
  275,20200907,  145
  275,20200908,  163
  275,20200909,  167
  275,20200910,  126
  275,20200911,  135
  275,20200912,  135
  275,20200913,  160
  275,20200914,  201
  275,20200915,  227
  275,20200916,  185
  275,20200917,  132
  275,20200918,  142
  275,20200919,  157
  275,20200920,  153
  275,20200921,  159
  275,20200922,  139
  275,20200923,  164
  275,20200924,  144
  275,20200925,  110
  275,20200926,  120
  275,20200927,  127
  275,20200928,  117
  275,20200929,  138
  275,20200930,  158
  275,20201001,  129
  275,20201002,  132
  275,20201003,  124
  275,20201004,  117
  275,20201005,  116
  275,20201006,  122
  275,20201007,  119
  275,20201008,  126
  275,20201009,  111
  275,20201010,   76
  275,20201011,   83
  275,20201012,   78
  275,20201013,   87
  275,20201014,   90
  275,20201015,   88
  275,20201016,   81
  275,20201017,   67
  275,20201018,   80
  275,20201019,   90
  275,20201020,  114
  275,20201021,  152
  275,20201022,  136
  275,20201023,  119
  275,20201024,  134
  275,20201025,  121
  275,20201026,  100
  275,20201027,   99
  275,20201028,  100
  275,20201029,   99
  275,20201030,  138
  275,20201031,  133
  275,20201101,  141
  275,20201102,  154
  275,20201103,   88
  275,20201104,   55
  275,20201105,   60
  275,20201106,   80
  275,20201107,   81
  275,20201108,   93
  275,20201109,  127
  275,20201110,  107
  275,20201111,  112
  275,20201112,   97
  275,20201113,   94
  275,20201114,  124
  275,20201115,  129
  275,20201116,   96
  275,20201117,  115
  275,20201118,  126
  275,20201119,   72
  275,20201120,   42
  275,20201121,   76
  275,20201122,   77
  275,20201123,   47
  275,20201124,   74
  275,20201125,   66
  275,20201126,   82
  275,20201127,   60
  275,20201128,   29
  275,20201129,    1
  275,20201130,    4
